[ 477.93279748  291.97017864  329.22658663  148.90433712  253.18084829
  345.20051053  130.55060845  213.76487309  180.00452548  410.68281536
  522.42049776  172.10578611  178.68065867  341.1680377   242.00994592
  138.99831125  364.06721405  211.52534116  120.64816849 1318.29418432
  198.03362404  517.70778299  278.29555447  365.67402617  819.219307
  232.36818211  633.37064212  317.68529623  115.90880772  790.38084338
  376.02338494  446.15199257  402.22324816  157.97378353  183.02693675
  209.98415569  191.63940649  436.16209913  382.94515263  251.92996352
  190.79642201  261.48919658  242.34916508  250.55936082  993.1539801
  453.26869738  172.54428725  317.42908042  210.47113591  226.62098789
  468.09485002  457.74263856  105.81948377  173.05993946  211.40345916
 1123.61587317  618.84219565  297.95492886  562.86346915  125.67855386
  348.14770501  601.20852063  302.07092875  305.00184194  328.12797355
  185.40362239  619.96826466  129.85045121  369.94895848  710.19281973
  146.84609716  127.7120409   204.24584822  439.01220492  274.83938138
  710.26696545  406.1188317   325.56389999 1062.67789646  734.82833478
  451.87518296  131.805732     92.89302539  772.76231329  492.20343948
 1662.18666749  736.17515823  356.34316144  410.03986543  467.766689
  431.44469111  415.71359312  271.67663675  236.81209878  550.88344037
  411.98939431  330.20339948 1382.34012744  440.65923429  292.87980579
 1694.34821692  220.70934646  894.48025657  411.91001054  141.69858102
  469.89554558  103.59520185  277.46360613  773.06008758  230.42714488
 1642.49804559  293.00662323  145.72432002  337.91569478  197.43136755
  143.47526433  371.42997728  132.16041948  178.28339654  207.82961036
  151.78668948  476.38850061  774.12940307  418.33132603  327.37561743
  316.00025304  294.95360427  994.63151395  117.02324493 1199.94005381
  503.46326392  403.23357019  312.88225672  173.17269454  203.65726401
  182.43319794  302.95227156  125.65225377  351.49994497  239.76414706
 3869.63443715  571.90087666  514.42571569  218.98526722  836.61597927
  794.01958785  201.81351501  240.68042895   92.50991853  123.65534683
  714.34956405  247.75870453  139.4602952   207.17146678  133.27627899
  190.24690314  693.16437863  119.51173849  311.1106382   286.62341358
  588.52696518  661.0512496   439.89360143  605.15144295  564.94853562
  617.55200268  289.27584044  148.86466004  236.11853543  151.17823654
  135.62717654  777.17162413  590.8475301   142.52370653  386.86379671
  440.99312893  222.64350612  369.05706961  281.49424214  520.85491944
  193.27482523  525.32291637  527.8746166   145.54360326  169.75582499
  135.46253396  140.90984698  293.6064753   210.31738431  126.27686356
  365.98126327  148.7052566   342.12811569  542.98719442  714.24222808
  141.78575258  214.11445462  895.5266965   248.95380535  938.24660394
  897.50077726  405.69997423  294.57098351  156.2529017   185.43605065
  377.52091648  248.24849062  206.9939228   206.91454694  141.40731953
  520.23149188 1688.6007485   329.63356667  144.23516393  242.58119419
  862.63791829  271.30312894  685.54508421  123.32394344  128.41163204
  935.41310668  104.4120734   772.10517632 1045.21548151  329.21098816
  166.10381205  370.72128576  153.64684636 1064.55579347  417.60174242
  478.30112778  447.19683753  296.42887871  972.49179996  156.28253141
  115.62717951  167.43709192  384.01310168  421.40512496  107.27450387
  243.62722319  228.82518721  194.95113287  463.51539427  170.76388244
   98.37769239  527.22933646  665.92238774  657.89460758  175.52454566
  187.85497106  170.82463179  206.67664601  224.29011528  261.27023969
 1291.40650091  131.94120525  199.80760926  105.85310993  410.82789668
  341.94949779  733.54554049  542.96837384  824.31614926  217.56970218
  235.4359449   276.48672825  218.7647854   149.50041533  534.23658323
 1393.07347453  168.16630378  176.54747403  240.63367992  159.5702394
  367.66813735  163.09024473  455.7231705   427.10252376  505.34365576
  287.00096082  733.94871973 1670.50688188  980.29212251  693.6112125
  505.27170428  303.84739477  206.85917938  340.96816149  323.35467938
  433.79549534  344.56929433  288.22316297  198.05362528  416.38144845
  298.95931569  794.14276051 1248.96252588  226.06639204  411.62616692
  142.2498239   245.07356837  449.44875157  233.34291899  249.27325938
  118.52955672  975.92394989  337.61925201  165.22871322  141.87320193
  313.43294319  264.89292623  310.92549759  216.32074901  341.19978316
  244.93577679  284.79635154  334.50850113  166.1370968   379.84092709
  199.94261864  253.12266186  110.34136273  174.73155321  197.02929775
  627.3281408   604.53465856  512.64530724  183.94166141   97.49491529
  579.01871945  234.09688229  282.58880287  253.3052925   169.39137245
  111.68789308  242.63043022  136.73123471  315.19603908  556.26297845
  212.53151977  210.40992357  369.96310213  275.40753537  612.14162278
  375.56991724  445.59144351  161.27427048  469.86439921  186.49680576
  179.87033322  179.248042    437.42200956  216.07098655  170.19280929
  213.66567747  161.2579465   212.27221732  251.37369885  226.99886081
  180.35493752  304.22469513  118.17973004  129.44931765  216.74376225
  226.32806689  314.00646781  336.05718319  234.17724956  181.7023204
  797.56448365  921.20723509  341.19461346  158.13696131  698.4685338
  607.23075544  324.35858985  171.72481262  425.42434196  170.55266022
  227.81819432  497.539672    114.69654715  193.78162825  312.59803934
  159.04041781  512.89259665  324.25826616 1041.46897303 1145.31881268
  319.38050258  278.73035713  367.34219736  289.16003944  312.22194617
  289.86301853  248.67048551  141.6715272   262.21190516  206.82961488
  139.31896006  301.72084926  263.78465028  138.75920553  204.94595868
  500.29333672  385.18807122  425.19257883  342.42214282  457.55206532
  128.53316231  631.07037147  167.04536295  315.11741654  195.73339032
  283.67098701  796.93901412  378.33916688  631.56234455  184.47800157
  240.80934897  516.13172884  791.99147323  304.17374178 1592.02335324
  418.52404938  419.88451061 1663.07511188  275.14947643  242.54727747
  344.17071051  577.37510431  511.38543692  344.53519168  557.2440265
  453.60512262  293.84486193  322.78144484  372.55743763  174.54227785
  158.93057637  413.7399764   113.47367209  314.7949395   163.89343685
  243.34947718  112.87119791  151.14721549  785.95848731  203.71409904
 1662.67515002  178.86938151  327.31974967  251.94054827  158.61935204
  489.21096928  163.47106386  113.84778479  216.01530575  230.83253657
  126.06297874  383.57645819  183.5364767   323.85418869  349.41497961
  356.11289149  297.93882076  512.92655263  139.25368323  925.18302191
  281.20796279  157.59829337  156.92111241  603.97488756  828.42457729
  181.29622145  691.72725943  494.28894556  346.7034184   224.18390834
  468.17282567  128.78698215  456.38351175  122.56270283  190.10696589
  148.10113799  230.71973261  236.98418918  301.28262264  403.0816392
  238.06133364  770.69204028 2552.33447187  174.85836874  348.80468222
  290.39663159  216.35541228  185.17998335  322.62382024  275.82787851]